Abbey,Abbie,1,0,1,1,1,0,1,1,0,1,0,1,1,1,1,1,0,0,0,0,1,1,0,0,1,1,1,1,1,
Abby,Abdul,0,1,0,1,0,1,1,1,0,1,1,0,0,0,1,1,0,0,1,1,0,1,1,0,1,0,1,0,1,
Abe,Abel,1,0,1,0,0,0,1,0,1,0,0,0,1,1,0,0,0,0,1,0,1,0,1,1,1,1,0,1,1,
Abigail,Abraham,0,0,1,1,0,1,1,1,1,1,0,0,1,1,0,1,0,0,1,0,1,1,1,0,1,1,0,0,0,
Abram,Ada,0,1,1,0,0,0,1,0,1,1,1,1,0,1,0,1,0,0,1,1,1,1,1,0,0,0,1,1,1,
Adah,Adalberto,1,0,1,1,1,0,1,1,1,0,1,0,1,0,1,0,0,1,1,0,0,1,1,0,1,1,0,1,1,
Adaline,Adam,1,0,0,1,0,0,0,1,1,0,1,0,0,1,1,1,0,0,0,1,0,1,0,1,1,0,1,1,0,
Adam,Adan,0,0,0,1,1,0,0,0,1,1,0,1,0,0,1,1,0,1,1,1,1,1,0,1,0,0,1,1,1,
Addie,Adela,1,1,1,1,0,1,0,0,0,0,0,1,0,0,0,1,1,0,0,1,1,1,1,1,0,1,0,1,1,
Adelaida,Adelaide,1,0,1,1,1,0,0,0,0,0,0,1,1,1,0,0,0,0,0,1,1,1,0,1,1,1,1,1,0,
Adele,Adelia,0,1,1,0,1,1,1,0,1,0,0,1,1,1,1,0,1,1,0,1,1,1,1,1,1,0,1,1,0,
Adelina,Adeline,0,0,0,0,1,1,0,1,0,0,0,1,0,1,0,0,0,1,1,0,0,0,1,0,1,1,1,1,0,
Adell,Adella,0,1,0,0,1,0,0,0,0,0,0,1,0,1,1,0,1,0,0,0,0,1,1,0,1,0,0,0,1,
Adelle,Adena,1,0,1,1,0,1,0,0,0,0,1,0,1,1,1,0,0,1,1,1,1,1,0,0,1,0,0,0,0,
Adina,Adolfo,0,1,1,0,0,0,0,0,0,0,1,1,0,0,0,0,0,0,1,1,1,1,0,0,1,1,0,1,0,
Adolph,Adria,1,1,1,1,1,1,0,0,0,0,0,0,0,1,1,0,0,1,0,1,1,1,0,1,0,0,0,0,1,
Adrian,Adrian,1,1,1,0,1,1,0,1,1,1,1,0,0,1,0,1,1,0,1,1,1,1,1,0,1,1,1,1,0,
Adriana,Adriane,1,0,1,1,1,1,0,1,0,0,0,1,1,1,0,0,1,0,0,0,0,0,1,1,0,0,0,0,0,
Adrianna,Adrianne,0,1,0,1,0,1,0,1,1,0,1,1,0,0,1,0,0,1,1,0,0,0,0,0,1,1,0,1,0,
Adrien,Adriene,1,0,0,1,0,1,0,1,0,1,0,1,0,0,0,1,0,1,1,1,0,1,1,0,0,1,0,0,0,
Adrienne,Afton,0,0,1,1,0,0,0,0,0,0,1,0,1,1,1,1,1,1,1,0,0,0,0,0,1,1,0,0,0,
Agatha,Agnes,1,0,0,0,1,0,0,1,0,1,0,0,0,0,0,1,0,0,1,0,0,0,0,1,0,1,0,0,0,
Agnus,Agripina,0,0,0,0,1,1,0,0,0,1,1,1,0,0,1,0,0,1,0,0,1,0,1,1,0,1,1,0,1,
Agueda,Agustin,1,0,1,0,0,0,1,1,0,1,1,1,0,0,1,0,1,1,0,0,1,0,1,1,1,1,0,0,0,
Agustina,Ahmad,0,0,1,0,0,0,1,1,1,1,1,1,0,0,1,0,1,0,0,0,0,0,0,1,1,1,1,1,1,
Ahmed,Ai,1,1,1,0,0,1,0,1,1,0,0,1,1,1,1,1,1,0,0,1,0,0,0,0,0,0,1,0,0,
Aida,Aide,0,0,0,1,1,0,0,0,1,1,1,0,1,0,0,0,1,0,1,1,1,0,1,1,0,0,1,0,1,
Aiko,Aileen,0,0,0,1,0,0,0,0,0,1,0,1,0,0,1,0,0,1,1,0,0,0,0,1,0,1,1,0,1,
Ailene,Aimee,0,0,0,0,1,0,1,0,0,1,0,0,0,1,1,1,0,0,0,0,1,0,1,1,1,1,0,1,1,
Aisha,Aja,1,1,0,0,0,1,0,0,0,1,0,1,1,0,0,0,0,0,0,1,0,1,0,0,0,0,1,1,1,
Akiko,Akilah,0,0,1,1,1,1,0,0,0,1,0,1,1,1,1,0,1,1,1,1,1,0,0,1,1,1,1,1,1,
Al,Alaina,1,0,1,1,1,0,0,0,1,0,1,0,0,1,0,1,0,1,0,0,1,1,1,0,0,0,0,1,1,
Alaine,Alan,0,1,0,0,1,0,0,0,0,1,1,0,0,1,1,0,0,1,1,0,1,0,0,0,1,0,1,0,0,
Alana,Alane,0,1,1,0,0,0,1,1,0,1,0,1,0,1,1,1,1,1,1,0,1,0,0,0,1,0,0,0,0,
Alanna,Alayna,0,1,1,1,1,0,0,0,1,0,0,0,0,1,0,1,0,0,0,0,0,0,1,1,1,1,0,1,1,
Alba,Albert,0,0,1,0,1,1,1,0,1,0,1,1,0,1,1,0,0,1,1,0,1,0,0,1,1,1,0,0,0,
Albert,Alberta,0,1,0,0,1,1,1,1,0,0,0,1,1,1,1,0,1,1,1,0,1,1,0,0,1,1,1,1,1,
Albertha,Albertina,1,1,1,1,1,0,1,0,1,1,1,0,0,0,1,0,0,1,1,0,1,0,0,1,1,0,0,1,0,
Albertine,Alberto,0,0,0,0,0,1,1,1,1,1,1,1,0,0,0,0,0,0,0,0,0,0,1,1,1,1,1,0,0,
Albina,Alda,1,0,1,0,1,1,0,1,1,1,1,1,1,0,0,0,1,1,1,0,0,1,0,0,1,0,1,0,1,
Alden,Aldo,0,0,0,0,0,1,1,1,1,1,1,0,0,1,0,0,1,1,0,1,0,1,1,0,1,0,1,1,0,
Alease,Alec,1,0,1,1,1,1,0,1,0,0,0,0,1,1,1,1,1,1,1,1,0,1,1,1,1,1,1,1,0,
Alecia,Aleen,0,0,0,0,1,1,1,1,0,1,1,1,0,1,0,0,1,1,0,1,1,1,1,1,0,1,0,1,0,
Aleida,Aleisha,0,0,0,1,1,0,0,0,0,0,0,1,1,0,0,1,0,0,0,1,1,1,0,0,1,1,0,1,0,
Alejandra,Alejandrina,0,1,1,0,0,0,1,0,1,0,1,0,0,0,0,0,0,1,1,0,1,1,0,0,1,0,0,0,1,
Alejandro,Alena,1,0,1,0,1,1,0,0,1,0,0,1,0,0,0,0,1,1,0,1,0,0,1,1,1,0,1,1,0,
Alene,Alesha,1,0,1,1,0,1,1,0,0,1,1,0,0,0,1,1,0,1,1,1,1,0,1,0,0,0,1,1,1,
Aleshia,Alesia,0,1,1,0,0,0,0,1,0,1,0,0,1,1,1,0,0,0,1,1,1,1,1,0,1,0,1,0,0,
Alessandra,Aleta,0,1,0,0,0,1,1,1,0,1,1,0,0,0,1,1,1,1,0,1,0,0,0,1,1,1,0,1,1,
Aletha,Alethea,0,1,0,0,0,1,0,1,0,0,0,1,0,1,1,0,0,1,1,0,0,0,1,0,1,1,1,0,0,
Alethia,Alex,0,1,1,0,1,1,0,1,1,1,0,1,0,0,0,0,1,1,1,1,1,1,0,0,1,1,1,1,0,
Alex,Alexa,0,0,1,1,1,0,1,0,1,0,0,0,0,0,1,0,0,0,1,0,1,1,1,0,0,0,1,1,1,
Alexander,Alexander,1,0,0,0,0,0,1,1,0,1,1,1,1,1,0,0,0,0,0,1,1,1,0,1,1,0,0,1,1,
Alexandra,Alexandria,1,0,0,1,1,1,0,1,1,0,0,1,0,0,1,0,1,0,0,0,1,0,0,0,1,1,0,0,0,
Alexia,Alexis,1,1,1,0,1,1,0,0,1,1,1,1,1,1,0,0,1,0,1,1,0,0,1,0,1,0,1,1,0,
Alexis,Alfonso,0,1,1,1,1,0,0,0,1,0,1,0,0,1,0,0,0,1,1,1,0,1,1,1,1,0,1,1,1,
Alfonzo,Alfred,1,0,1,1,0,0,1,1,1,0,0,1,0,0,1,0,0,1,1,0,0,1,0,0,1,0,1,0,1,
Alfreda,Alfredia,0,0,0,1,0,0,0,0,1,0,1,1,0,1,0,0,1,1,0,0,0,0,1,0,1,1,1,1,0,
Alfredo,Ali,0,0,0,1,0,0,1,0,0,0,1,0,0,1,1,0,1,1,1,0,0,1,1,0,0,1,0,1,0,
Ali,Alia,1,1,1,1,0,0,0,0,0,0,0,1,1,0,0,1,0,1,0,1,0,0,1,0,1,0,1,1,1,
Alica,Alice,0,1,1,1,1,1,0,1,0,1,1,1,1,0,1,1,0,1,1,1,1,0,1,0,1,0,1,1,0,
Alicia,Alida,1,1,0,1,1,1,1,0,0,1,0,1,1,1,0,0,0,1,1,1,0,1,1,1,0,0,0,1,0,
Alina,Aline,0,0,0,0,0,1,0,1,0,0,0,0,0,0,1,0,0,0,0,0,1,1,0,0,1,1,1,0,0,
Alisa,Alise,1,0,1,0,1,1,1,0,1,1,1,0,0,1,1,0,0,0,1,0,1,0,1,0,0,1,1,1,1,
Alisha,Alishia,1,1,1,0,1,0,1,1,1,0,0,0,0,1,0,0,0,1,0,0,0,1,0,0,0,1,1,1,1,
Alisia,Alison,0,0,1,1,0,0,0,1,0,1,1,0,0,1,0,0,0,0,1,0,1,0,1,0,0,0,0,1,1,
Alissa,Alita,1,1,1,1,1,0,1,1,1,0,0,1,0,0,1,0,0,0,0,0,0,0,1,1,0,0,0,0,0,
Alix,Aliza,0,1,1,0,1,1,1,0,0,1,1,0,0,1,1,0,0,1,0,1,0,1,0,1,0,1,1,0,0,
Alla,Allan,0,0,1,1,1,0,1,0,0,0,1,0,0,0,0,1,1,1,0,0,0,1,0,1,0,1,1,1,1,
Alleen,Allegra,1,1,0,0,1,0,0,0,0,1,1,1,0,0,1,1,0,1,1,0,0,1,1,1,0,0,0,1,1,
Allen,Allen,1,0,1,1,0,0,1,1,1,0,0,1,0,0,0,1,1,0,1,1,1,0,1,0,1,0,1,0,0,
Allena,Allene,0,0,0,1,1,1,1,1,0,1,1,0,1,0,0,0,0,0,1,0,0,0,0,1,1,1,0,0,0,
Allie,Alline,0,0,1,0,0,0,1,1,1,1,0,1,0,1,0,0,1,1,0,0,0,0,1,0,1,1,1,1,0,
Allison,Allyn,0,1,0,0,0,1,0,0,1,0,0,0,0,1,1,0,1,1,1,1,1,0,1,0,0,0,1,0,1,
Allyson,Alma,0,0,1,0,0,1,0,1,0,1,0,0,0,1,0,0,1,1,0,1,1,1,0,0,0,0,0,0,1,
Almeda,Almeta,1,1,0,0,0,0,0,1,0,0,1,0,1,1,1,0,1,0,1,0,0,1,1,0,0,1,1,1,0,
Alona,Alonso,1,0,0,1,0,1,1,0,0,0,1,0,0,0,1,1,0,0,0,0,1,1,0,1,0,1,1,1,1,
Alonzo,Alpha,0,0,0,0,0,1,0,0,0,0,0,0,0,0,1,0,0,1,1,1,1,0,1,0,0,0,1,1,1,
Alphonse,Alphonso,1,1,1,1,1,0,0,0,0,1,1,1,1,1,0,1,1,0,1,1,0,0,1,0,1,0,1,0,1,
Alta,Altagracia,1,0,0,0,0,0,0,0,1,0,0,0,1,1,1,1,1,0,1,0,0,1,1,1,1,1,1,1,0,
Altha,Althea,0,1,1,1,0,0,0,1,0,1,1,1,0,0,0,1,1,1,0,0,1,1,1,0,1,0,1,0,1,
Alton,Alva,0,0,1,1,1,0,0,0,0,1,0,1,1,0,1,0,0,1,0,0,1,0,1,1,0,1,1,0,0,
Alva,Alvaro,0,0,0,1,1,0,0,0,0,0,0,1,0,0,0,0,0,1,1,0,1,0,0,0,0,1,0,0,0,
Alvera,Alverta,0,1,0,0,1,0,0,0,0,1,1,1,0,1,1,1,1,0,0,0,1,0,0,0,0,0,0,0,0,
Alvin,Alvina,0,1,0,0,0,0,0,0,0,0,1,0,0,0,1,0,0,0,0,0,1,0,0,1,1,1,1,0,1,
Alyce,Alycia,1,0,0,0,1,0,1,1,0,0,1,1,1,1,1,1,0,0,1,1,1,0,0,0,0,0,0,1,1,
Alysa,Alyse,0,0,1,1,1,0,1,0,1,0,0,0,0,1,1,0,1,1,0,0,0,0,1,1,0,0,0,1,0,
Alysha,Alysia,0,1,0,1,1,0,0,1,0,1,1,1,1,1,0,1,1,1,0,1,1,0,1,1,1,1,0,0,1,
Alyson,Alyssa,1,0,1,1,1,0,1,0,1,0,0,1,0,0,0,0,0,0,1,0,1,0,1,1,0,0,1,1,1,
Amada,Amado,1,0,1,0,1,1,0,1,1,0,0,1,1,1,0,0,1,0,0,1,0,0,1,0,1,1,0,1,1,
Amal,Amalia,1,0,0,0,1,1,0,1,0,1,0,0,1,0,1,1,1,0,0,0,1,0,0,1,1,0,1,1,1,
Amanda,Amber,0,1,1,0,1,1,1,1,1,1,0,0,1,0,0,0,0,0,0,0,0,0,1,0,0,1,0,0,0,
Amberly,Ambrose,1,1,1,0,0,1,0,0,0,0,0,1,1,1,1,1,1,1,1,0,0,1,0,0,0,0,0,0,1,
Amee,Amelia,1,0,1,0,0,1,1,1,1,1,0,1,1,0,0,1,0,0,1,1,0,1,0,1,0,1,1,1,1,
America,Ami,1,1,1,1,1,0,0,0,0,1,1,0,0,0,1,0,0,1,0,0,0,0,1,1,0,1,0,1,1,
Amie,Amiee,1,0,0,1,1,1,0,1,1,0,0,1,1,1,0,1,1,1,1,1,0,1,0,0,0,1,0,1,0,
Amina,Amira,0,0,1,1,1,1,0,1,0,0,1,1,1,0,1,1,1,1,0,0,0,1,1,1,1,1,0,0,0,
Ammie,Amos,1,0,0,1,1,0,1,0,0,1,1,1,0,1,1,0,0,0,0,1,0,0,1,0,0,0,1,0,0,
Amparo,Amy,0,0,1,0,1,0,0,1,0,0,0,0,1,1,0,0,0,1,1,1,1,0,1,1,1,1,1,1,0,
An,Ana,0,0,1,1,1,1,1,1,0,0,1,1,1,1,1,1,0,0,1,0,0,1,1,0,0,1,1,1,0,
Anabel,Analisa,1,1,0,1,0,1,1,0,0,0,0,0,1,1,0,1,1,1,0,1,1,1,1,0,1,1,1,1,1,
Anamaria,Anastacia,0,1,0,1,0,0,0,1,0,0,0,0,0,0,1,0,0,1,1,0,0,1,0,0,1,0,0,1,1,
Anastasia,Andera,1,0,1,1,1,0,1,0,0,1,1,1,1,0,1,1,1,1,0,0,0,1,1,0,1,1,0,1,1,
Anderson,Andra,0,1,0,0,0,1,0,0,1,1,1,1,1,1,0,0,1,1,0,0,1,1,1,0,0,1,0,1,1,
Andre,Andre,1,1,0,1,0,0,0,1,1,1,0,0,1,1,0,1,0,0,0,0,0,0,0,0,0,1,0,1,0,
Andrea,Andrea,1,0,0,0,1,0,0,1,1,1,0,0,0,1,0,0,1,1,1,0,0,1,1,0,1,1,1,0,0,
Andreas,Andree,1,1,0,1,0,1,0,1,1,0,1,1,0,1,1,1,0,1,0,1,0,1,0,0,1,1,1,1,1,
Andres,Andrew,1,1,0,1,1,1,1,1,1,1,1,1,0,0,0,0,1,1,1,1,1,1,1,0,0,1,1,1,1,
Andrew,Andria,1,1,0,1,1,1,0,0,0,1,0,1,0,1,1,1,0,1,1,0,0,1,0,1,1,1,1,0,1,
Andy,Anette,1,1,0,1,0,1,0,1,0,0,1,1,1,1,0,0,0,1,1,1,1,1,1,0,1,0,1,1,1,
Angel,Angel,1,0,1,1,1,1,0,0,1,0,0,1,1,1,0,1,0,0,1,0,0,1,1,0,0,1,0,0,0,
Angela,Angele,0,0,1,0,1,1,1,0,1,1,0,0,0,1,0,1,1,0,1,0,0,1,1,0,1,0,1,1,0,
Angelena,Angeles,1,0,1,1,1,1,1,0,0,0,0,1,0,0,0,1,0,1,0,1,0,1,1,0,1,1,1,1,0,
Angelia,Angelic,0,0,1,1,1,1,1,0,1,1,0,1,1,1,0,1,0,1,0,1,0,0,0,0,0,0,1,0,0,
Angelica,Angelika,0,0,1,1,1,0,1,1,0,1,1,1,0,0,0,1,0,1,1,0,0,0,0,1,1,1,0,0,1,
Angelina,Angeline,1,1,0,1,1,1,0,1,0,0,0,0,1,1,0,0,1,0,1,1,0,1,0,1,0,1,0,0,1,
Angelique,Angelita,1,0,0,1,0,1,0,1,1,1,1,1,1,1,1,0,1,0,1,1,1,1,1,0,1,0,0,1,0,
Angella,Angelo,0,0,1,1,1,0,0,1,0,0,1,0,0,1,0,0,0,0,0,1,1,0,1,0,0,1,0,0,1,
Angelo,Angelyn,0,1,1,0,0,0,0,1,1,0,0,1,0,1,1,0,1,0,1,0,1,1,0,1,1,0,0,0,0,
Angie,Angila,1,1,1,0,1,0,0,0,1,0,0,1,0,0,1,0,0,0,1,0,0,1,0,0,0,1,0,0,1,
Angla,Angle,1,1,0,0,0,1,0,1,1,1,0,0,0,0,1,0,1,1,0,1,1,0,0,1,1,0,1,0,0,
Anglea,Anh,0,0,1,0,1,1,1,0,0,0,1,1,1,1,0,1,1,0,1,1,1,0,1,1,0,1,1,0,0,
Anibal,Anika,1,1,0,1,0,1,0,0,1,1,0,0,1,0,1,0,0,1,1,0,1,1,1,1,0,1,1,1,1,
Anisa,Anisha,1,0,0,1,1,0,0,0,0,1,0,1,0,0,1,1,1,0,0,0,0,0,1,0,1,1,1,1,0,
Anissa,Anita,0,1,1,1,0,0,0,1,0,1,0,1,0,1,0,1,1,1,0,1,0,0,1,1,0,1,1,0,0,
Anitra,Anja,1,0,1,1,1,0,0,0,1,1,0,1,0,1,1,0,1,1,0,0,0,0,1,0,0,1,0,0,0,
Anjanette,Anjelica,0,1,1,0,1,1,0,0,0,0,1,0,1,0,0,1,1,0,1,0,0,0,1,1,0,1,0,1,0,
Ann,Anna,1,0,1,1,1,0,0,0,1,1,0,1,0,0,1,1,0,1,0,0,1,0,1,0,0,1,1,1,0,
Annabel,Annabell,1,1,0,1,0,0,1,1,0,1,1,1,1,0,1,1,1,1,0,0,0,1,0,1,1,0,1,1,0,
Annabelle,Annalee,0,0,1,0,1,0,0,1,0,0,0,0,0,1,0,1,0,1,1,1,0,1,0,0,0,0,1,1,1,
Annalisa,Annamae,1,0,0,1,0,0,1,1,1,0,0,1,0,0,1,1,1,1,1,0,0,1,0,0,0,0,0,1,1,
Annamaria,Annamarie,0,1,0,1,1,1,0,0,1,1,1,0,1,1,0,1,0,1,0,1,1,0,0,0,1,1,1,1,0,
Anne,Anneliese,1,0,1,1,1,1,1,1,0,1,1,1,0,0,0,0,0,1,0,1,0,1,1,1,0,0,1,0,1,
Annelle,Annemarie,1,1,1,1,0,0,1,0,0,1,0,1,0,0,1,1,1,1,0,0,1,1,0,1,1,1,0,0,0,
Annett,Annetta,1,0,0,0,0,1,0,1,0,0,0,1,1,0,0,0,0,1,1,0,1,0,1,0,0,0,1,0,0,
Annette,Annice,1,1,0,0,0,1,1,0,1,0,1,0,1,0,1,0,0,0,1,1,1,0,0,0,1,1,0,1,0,
Annie,Annika,0,0,0,0,1,0,1,1,1,0,0,0,1,0,0,1,1,0,1,1,0,0,1,0,1,1,1,1,0,
Annis,Annita,1,0,1,1,0,1,0,1,1,1,0,0,0,0,0,1,0,0,1,0,0,0,1,0,1,1,0,1,1,
Annmarie,Anthony,1,0,1,1,0,1,1,0,0,0,0,1,0,0,1,0,1,1,0,1,1,0,1,1,1,0,1,1,1,
Anthony,Antione,0,0,0,0,1,1,0,0,1,0,0,0,1,1,0,0,1,1,0,1,1,0,1,0,1,0,1,0,1,
Antionette,Antoine,0,0,1,1,0,0,0,0,0,0,1,0,1,0,1,0,0,0,0,0,0,0,0,0,1,1,1,1,0,
Antoinette,Anton,0,0,0,1,0,0,0,0,1,0,0,0,0,1,1,1,0,1,0,1,1,0,1,0,1,1,1,1,1,
Antone,Antonetta,0,0,0,0,1,0,1,1,1,0,1,1,0,0,1,0,0,1,0,1,1,0,1,1,0,1,0,0,0,
Antonette,Antonia,0,0,1,0,1,1,1,1,1,1,1,0,0,0,0,0,1,0,0,1,1,1,0,1,1,1,0,1,0,
Antonia,Antonietta,1,1,1,0,0,1,1,0,1,1,0,1,1,1,0,1,0,0,0,0,1,0,0,0,1,1,1,0,1,
Antonina,Antonio,1,1,1,0,1,1,1,0,1,1,0,1,1,0,1,1,1,0,1,1,0,1,1,0,0,1,1,0,1,
Antonio,Antony,1,1,0,0,1,1,0,0,1,1,1,1,0,1,0,1,0,0,0,0,1,1,1,0,0,1,0,0,1,
Antwan,Anya,1,0,0,0,1,1,0,1,0,1,0,1,1,0,1,1,0,0,1,1,0,1,0,1,0,1,0,1,0,
Apolonia,April,0,0,0,0,0,0,1,1,0,1,1,1,1,1,1,0,1,1,1,0,1,1,0,1,1,0,1,1,0,
Apryl,Ara,0,0,1,0,0,1,1,1,1,0,0,0,0,0,0,1,1,1,0,0,1,0,1,0,1,1,0,0,0,
Araceli,Aracelis,1,1,0,0,1,0,0,1,0,1,0,1,1,1,0,1,0,0,0,0,1,1,0,0,0,0,0,1,0,
Aracely,Arcelia,1,0,1,1,1,0,1,1,0,1,1,1,1,0,0,0,1,0,1,1,1,0,0,0,0,0,0,1,1,
Archie,Ardath,1,1,0,1,1,1,0,0,1,0,0,0,1,0,1,0,1,1,0,1,0,0,0,0,0,0,1,1,0,
Ardelia,Ardell,1,0,1,0,0,1,1,0,1,0,0,1,1,0,1,0,0,0,1,1,0,1,1,1,1,1,0,1,0,
Ardella,Ardelle,0,1,1,1,1,0,0,0,1,0,1,1,1,0,1,1,0,0,0,1,0,1,1,0,1,0,0,0,0,
Arden,Ardis,0,1,1,1,1,0,0,0,1,0,1,1,1,0,0,0,0,0,0,1,1,0,1,0,0,0,0,1,0,
Ardith,Aretha,0,0,0,1,1,0,0,0,1,0,0,1,0,1,1,1,0,0,1,0,0,0,1,1,1,0,0,1,0,
Argelia,Argentina,0,0,1,0,1,1,1,0,1,0,1,1,1,0,1,0,0,0,1,0,0,0,1,0,1,0,1,1,1,
Ariana,Ariane,0,0,0,0,0,0,0,1,0,1,0,0,0,1,1,0,0,0,0,0,0,1,0,1,0,0,1,1,1,
Arianna,Arianne,0,0,1,1,1,1,1,1,0,0,0,1,1,1,1,0,1,1,1,0,0,0,1,1,0,0,0,1,1,
Arica,Arie,1,0,0,0,0,0,0,1,1,0,0,1,1,0,0,0,0,0,0,1,0,0,0,0,0,1,0,1,1,
Ariel,Ariel,0,0,0,0,0,1,1,0,1,1,1,0,1,1,1,0,0,0,0,0,0,0,0,0,1,1,1,1,0,
Arielle,Arla,1,1,0,1,1,0,1,0,0,1,0,0,0,1,1,1,0,1,1,1,1,0,0,1,1,0,0,0,0,
Arlean,Arleen,0,0,1,0,1,0,0,0,1,1,0,0,0,0,1,0,1,0,0,1,1,1,1,0,1,1,1,1,1,
Arlen,Arlena,1,1,0,1,0,0,0,0,0,1,0,0,1,0,0,1,1,0,1,0,1,0,1,0,1,1,1,1,1,
Arlene,Arletha,0,0,0,1,0,0,0,1,1,1,1,0,0,1,1,1,0,0,0,0,0,1,0,0,1,1,1,1,1,
Arletta,Arlette,0,1,0,0,1,0,1,1,1,1,1,0,1,0,0,1,1,0,1,0,0,0,1,1,0,0,0,1,0,
Arlie,Arlinda,1,0,1,0,1,1,1,0,1,0,0,0,0,1,1,1,0,1,0,1,0,1,0,0,0,0,0,1,0,
Arline,Arlyne,1,0,1,1,1,1,1,0,1,1,0,1,0,0,0,0,0,1,1,1,0,1,0,0,1,0,1,1,0,
Armand,Armanda,0,0,0,0,0,1,0,0,1,1,0,0,0,0,1,1,1,0,1,1,1,0,0,0,0,1,0,1,1,
Armandina,Armando,1,0,1,1,1,0,0,1,1,1,0,0,1,0,1,0,1,1,1,1,1,0,0,1,1,1,1,1,1,
Armida,Arminda,0,1,0,0,0,1,1,1,0,0,0,0,0,0,0,0,1,1,0,1,0,0,0,0,1,1,0,1,1,
Arnetta,Arnette,1,0,1,1,1,1,1,0,0,0,1,1,0,1,1,0,0,0,1,0,0,0,0,1,0,0,0,0,0,
Arnita,Arnold,0,0,1,0,0,0,1,1,1,1,1,1,0,1,0,0,1,0,1,0,0,0,0,1,0,0,1,1,1,
Arnoldo,Arnulfo,1,0,1,1,0,1,0,1,1,1,1,0,0,1,0,1,1,0,0,1,1,1,1,1,1,1,0,0,1,